function y=scen2019China_Fixed(t,x)
a=0.7;%ï¿½ï¿½1
%n0=0;%ï¿½äººï¿½ï¿½ï¿½ï¿½ï¿½Ïºï¿½ï¿½ï¿½ï¿½ï¿½%yy
%rate1=0.09;
%rate2=0.09;
%rate3=0.10;
%rate4=0.10;
%rate5=0.12;
%rate6=0.15;
%rate7=0.18;
%rate8=0.17;
%rate9=0.2;
%n_back=3200000;% 300Íò¡¢400Íò¡¢500Íò¡¢600Íò
%n_ordinary=300000;
%n_in=n0.*(t>8)+n_back.*(t>=0&t<1)*rate1+n_back.*(t>=1&t<2)*rate2+n_back.*(t>=2&t<3)*rate3+n_back.*(t>=3&t<4)*rate4+n_back.*(t>=4&t<5)*rate5+n_back.*(t>=5&t<6)*rate6+...
    %n_back.*(t>=6&t<7)*rate7+n_back.*(t>=7&t<8)*rate8;%yy
%n_in=n0.*(t>=0&t<12)+9879.*(t>=12&t<13)+9765.*(t>=13&t<14)+9921.*(t>=14&t<15)+9124.*(t>=15&t<16)+7649.*(t>=16&t<17)+7642.*(t>=17&t<18)+6781.*(t>=18&t<19)+8001.*(t>=19&t<20)+8007.*(t>=20&t<21)+5445.*(t>=21&t<22)+4031.*(t>=22&t<23)+4013.*(t>=23&t<24)+3504.*(t>=24&t<25)+3727.*(t>=25&t<26)+3786.*(t>=26&t<27)+4181.*(t>=27&t<28)+2696.*(t>=28&t<29)+2861.*(t>=29&t<30)+2500.*(t>=30&t<31)+2486.*(t>=31&t<32)+2935.*(t>=32&t<33)+2281.*(t>=33&t<34)+3083.*(t>=34&t<35)+2693.*(t>=35&t<36)+2146.*(t>=36&t<37)+2146.*(t>=37&t<38)+2146.*(t>=38&t<39)+2146.*(t>=39&t<40)+2146.*(t>=40&t<41)+2146.*(t>=41&t<42)+2146.*(t>=42&t<43);
%b=0.0239;%ï¿½ï¿½2
c=0.3;%ï¿½ï¿½3
d=1/7;%ï¿½ï¿½Õ¹ï¿½ï¿½
e=1/7;%ï¿½ï¿½2
f=1/14;%ï¿½ï¿½1
g=0.0089;%ËÀÍöÂÊ
k=1/3.8;%I to T
h1=0.0184;
h2=0.001;
%q=0.3748;
%h1=ï¿½ï¿½1
%h2=ï¿½ï¿½2
% s=0.05+0.2/30.*t.*(t>=0&t<30)+0.2.*(t>=30); %¸ôÀëÂÊ 0.35,0.45£¬0.55,0.65,0.75,0.85
% s=0.05+0.4/30.*t.*(t>=0&t<30)+0.4.*(t>=30);
% s=0.05+0.6/30.*t.*(t>=0&t<30)+0.6.*(t>=30);
% s=0.05+0.8/30.*t.*(t>=0&t<30)+0.8.*(t>=30);
%s=0.5./20.*t.*(t>=0&t<20)+0.5.*(t>=20);  %£¨ÄâºÏµÄÄÇÌõ£©
s=0.25./20.*t.*(t>=0&t<20)+0.25.*(t>=20); 
                                             
 %j=0.2+0.6/20*t*(t>=10&t<30)+0.6.*(t>=30);  %£¨ÄâºÏµÄÄÇÌõ£©
  j=0.1+0.3/20*t*(t>=10&t<30)+0.3.*(t>=30); 

y = [(0.*(t>=0&t<12)+9879.*(t>=12&t<13)+9765.*(t>=13&t<14)+9921.*(t>=14&t<15)+9124.*(t>=15&t<16)+7649.*(t>=16&t<17)+7642.*(t>=17&t<18)+6781.*(t>=18&t<19)+8001.*(t>=19&t<20)+8007.*(t>=20&t<21)+5445.*(t>=21&t<22)+4031.*(t>=22&t<23)+4013.*(t>=23&t<24)+3504.*(t>=24&t<25)+3727.*(t>=25&t<26)+3786.*(t>=26&t<27)+4181.*(t>=27&t<28)+2696.*(t>=28&t<29)+2861.*(t>=29&t<30)+2500.*(t>=30&t<31)+2486.*(t>=31&t<32)+2935.*(t>=32&t<33)+2281.*(t>=33&t<34)+3083.*(t>=34&t<35)+2693.*(t>=35&t<36)+2146.*(t>=36&t<37)+2146.*(t>=37&t<38)+2146.*(t>=38&t<39)+2146.*(t>=39&t<40)+2146.*(t>=40&t<41)+2146.*(t>=41&t<42)+2146.*(t>=42&t<43))-((h1*(1-s)*x(1)*(1-s)*(x(2)+x(3)))+h2*(1-s)*x(1)*(1-s)*x(4))/(x(1)+x(2)+x(3)+x(4)+x(5)+x(6));
((h1*(1-s)*x(1)*(1-s)*(x(2)+x(3)))+h2*(1-s)*x(1)*(1-s)*x(4))/(x(1)+x(2)+x(3)+x(4)+x(5)+x(6))+(0.*(t>=0&t<12)+0.215.*(t>=12&t<13)+0.245079.*(t>=13&t<14)+0.240556.*(t>=14&t<15)+0.205104.*(t>=15&t<16)+0.169562.*(t>=16&t<17)+0.166869.*(t>=17&t<18)+0.14297.*(t>=18&t<19)+0.164035.*(t>=19&t<20)+0.190926.*(t>=20&t<21)+0.104372.*(t>=21&t<22)+0.083828.*(t>=22&t<23)+0.078191.*(t>=23&t<24)+0.067124.*(t>=24&t<25)+0.075167.*(t>=25&t<26)+0.063778.*(t>=26&t<27)+0.10622.*(t>=27&t<28)+0.064742.*(t>=28&t<29)+0.055519.*(t>=29&t<30)+0.030047.*(t>=30&t<31)+0.051749.*(t>=31&t<32)+0.058032.*(t>=32&t<33)+0.047746.*(t>=33&t<34)+0.081953.*(t>=34&t<35)+0.07101.*(t>=35&t<36)+0.031173.*(t>=36&t<37)+0.031003.*(t>=37&t<38)+0.030694.*(t>=38&t<39)+0.030228.*(t>=39&t<40)+0.029601.*(t>=40&t<41)+0.028811.*(t>=41&t<42)+0.027866.*(t>=42&t<43))-x(2)*d;
d*x(2)*a-g*x(3)-j*k*x(3);%¼ì³öÂÊ
d*x(2)*c-e*x(4);
j*k*x(3)-x(5)*f;
e*x(4)+f*x(5);
x(5)*f];



     %y = [(n_in.*(t>=0&t<8)+0.*(t>8))*(1-(0.00027.*(t>=0&t<1)+0.00032.*(t>=1&t<2)+0.00039.*(t>=2&t<3)+0.00047.*(t>=3&t<4)+0.00056.*(t>=4&t<5)+0.00068.*(t>=5&t<6)+0.00082.*(t>=6&t<7)+0.00097.*(t>=7&t<8)))-(h1*(1-s)*x(1)*(1-s)*(x(2)+x(3)+x(4))+2.5*h1*(1-s)*x(1)*(1-s)*x(5))/(x(1)+x(2)+x(3)+x(4)+x(5)+x(6)+x(7));
%((h1*(1-s)*x(1)*(1-s)*(x(2)+x(3)+x(4))+2.5*h1*(1-s)*x(1)*(1-s)*x(5))/(x(1)+x(2)+x(3)+x(4)+x(5)+x(6)+x(7)))+(n_in.*(t>=0&t<8)+0.*(t>8))*(0.00027.*(t>=0&t<1)+0.00032.*(t>=1&t<2)+0.00039.*(t>=2&t<3)+0.00047.*(t>=3&t<4)+0.00056.*(t>=4&t<5)+0.00068.*(t>=5&t<6)+0.00082.*(t>=6&t<7)+0.00097.*(t>=7&t<8))-x(2)*d;
%d*x(2)*a-g*x(3)-j*k*x(3);%¼ì³öÂÊ
%d*x(2)*c-e*x(4);
%d*x(2)*b-j*k*x(5)-g*x(5);
%j*k*x(3)+j*k*x(5)-x(6)*f;
%e*x(4)+f*x(6);
%x(6)*f];