function y=scen2019China_Fixed(t,x)
a=0.7;%ï¿½ï¿½1
%n0=0;%ï¿½äººï¿½ï¿½ï¿½ï¿½ï¿½Ïºï¿½ï¿½ï¿½ï¿½ï¿½%yy
%rate1=0.09;
%rate2=0.09;
%rate3=0.10;
%rate4=0.10;
%rate5=0.12;
%rate6=0.15;
%rate7=0.18;
%rate8=0.17;
%rate9=0.2;
%n_back=3200000;% 300Íò¡¢400Íò¡¢500Íò¡¢600Íò
%n_ordinary=300000;
%n_in=n0.*(t>8)+n_back.*(t>=0&t<1)*rate1+n_back.*(t>=1&t<2)*rate2+n_back.*(t>=2&t<3)*rate3+n_back.*(t>=3&t<4)*rate4+n_back.*(t>=4&t<5)*rate5+n_back.*(t>=5&t<6)*rate6+...
    %n_back.*(t>=6&t<7)*rate7+n_back.*(t>=7&t<8)*rate8;%yy
%n_in=n0.*(t>=0&t<12)+9879.*(t>=12&t<13)+9765.*(t>=13&t<14)+9921.*(t>=14&t<15)+9124.*(t>=15&t<16)+7649.*(t>=16&t<17)+7642.*(t>=17&t<18)+6781.*(t>=18&t<19)+8001.*(t>=19&t<20)+8007.*(t>=20&t<21)+5445.*(t>=21&t<22)+4031.*(t>=22&t<23)+4013.*(t>=23&t<24)+3504.*(t>=24&t<25)+3727.*(t>=25&t<26)+3786.*(t>=26&t<27)+4181.*(t>=27&t<28)+2696.*(t>=28&t<29)+2861.*(t>=29&t<30)+2500.*(t>=30&t<31)+2486.*(t>=31&t<32)+2935.*(t>=32&t<33)+2281.*(t>=33&t<34)+3083.*(t>=34&t<35)+2693.*(t>=35&t<36)+2146.*(t>=36&t<37)+2146.*(t>=37&t<38)+2146.*(t>=38&t<39)+2146.*(t>=39&t<40)+2146.*(t>=40&t<41)+2146.*(t>=41&t<42)+2146.*(t>=42&t<43);
%b=0.0239;%ï¿½ï¿½2
c=0.3;%ï¿½ï¿½3
d=1/5;%ï¿½ï¿½Õ¹ï¿½ï¿½
e=1/7;%ï¿½ï¿½2
f=1/14;%ï¿½ï¿½1
g=0.01379;%ËÀÍöÂÊ
k=1/3.8;%I to T
h1=0.2565;
h2=3.0105;
%q=0.3748;
%h1=ï¿½ï¿½1
%h2=ï¿½ï¿½2
% s=0.05+0.2/30.*t.*(t>=0&t<30)+0.2.*(t>=30); %¸ôÀëÂÊ 0.35,0.45£¬0.55,0.65,0.75,0.85
% s=0.05+0.4/30.*t.*(t>=0&t<30)+0.4.*(t>=30);
% s=0.05+0.6/30.*t.*(t>=0&t<30)+0.6.*(t>=30);
% s=0.05+0.8/30.*t.*(t>=0&t<30)+0.8.*(t>=30);
%s=0.85/20.*t.*(t>=0&t<20)+0.85.*(t>=20);  %£¨ÄâºÏµÄÄÇÌõ£©
%s=0./20.*t.*(t>=0&t<20)+0.*(t>=20);
s=0.*(t<21)+0.85/20.*t.*(t>=21&t<41)+0.85.*(t>=41); 
%s=0.51/20.*t.*(t>=0&t<20)+0.51.*(t>=20); 


 j=1./20*t*(t>=0&t<20)+1.*(t>=20);  %£¨ÄâºÏµÄÄÇÌõ£©
  %j=0.1+0.3/20*t*(t>=10&t<30)+0.3.*(t>=30); 

y = [(0.*(t>=0&t<12)+4139.*(t>=12&t<13)+4634.*(t>=13&t<14)+4373.*(t>=14&t<15)+3592.*(t>=15&t<16)+3870.*(t>=16&t<17)+3303.*(t>=17&t<18)+3372.*(t>=18&t<19)+3638.*(t>=19&t<20)+3449.*(t>=20&t<21)+2836.*(t>=21&t<22)+2305.*(t>=22&t<23)+2564.*(t>=23&t<24)+1867.*(t>=24&t<25)+2400.*(t>=25&t<26)+2087.*(t>=26&t<27)+2335.*(t>=27&t<28)+2685.*(t>=28&t<29)+2050.*(t>=29&t<30)+2149.*(t>=30&t<31)+1894.*(t>=31&t<32)+2019.*(t>=32&t<33)+1989.*(t>=33&t<34)+2069.*(t>=34&t<35)+2139.*(t>=35&t<36)+1710.*(t>=36&t<37)+1710.*(t>=37&t<38)+1710.*(t>=38&t<39)+1710.*(t>=39&t<40)+1710.*(t>=40&t<41)+1710.*(t>=41&t<42)+1710.*(t>=42&t<43))-((h1*(1-s)*x(1)*(1-s)*(x(2)+x(3)))+h2*(1-s)*x(1)*(1-s)*x(4))/(x(1)+x(2)+x(3)+x(4)+x(5)+x(6));
((h1*(1-s)*x(1)*(1-s)*(x(2)+x(3)))+h2*(1-s)*x(1)*(1-s)*x(4))/(x(1)+x(2)+x(3)+x(4)+x(5)+x(6))+(0.*(t>=0&t<12)+0.132991.*(t>=12&t<13)+0.132991.*(t>=13&t<14)+0.133158.*(t>=14&t<15)+0.11449.*(t>=15&t<16)+0.107227.*(t>=16&t<17)+0.100752.*(t>=17&t<18)+0.091858.*(t>=18&t<19)+0.101766.*(t>=19&t<20)+0.105759.*(t>=20&t<21)+0.0874736.*(t>=21&t<22)+0.071903.*(t>=22&t<23)+0.083121.*(t>=23&t<24)+0.06319.*(t>=24&t<25)+0.073511.*(t>=25&t<26)+0.07741.*(t>=26&t<27)+0.0803881.*(t>=27&t<28)+0.0780176.*(t>=28&t<29)+0.080231.*(t>=29&t<30)+0.0836225.*(t>=30&t<31)+0.085195.*(t>=31&t<32)+0.09762.*(t>=32&t<33)+0.09956.*(t>=33&t<34)+0.11889.*(t>=34&t<35)+0.12923.*(t>=35&t<36)+0.11782.*(t>=36&t<37)+0.12685.*(t>=37&t<38)+0.137681833.*(t>=38&t<39)+0.150691378.*(t>=39&t<40)+0.16632088.*(t>=40&t<41)+0.185058426.*(t>=41&t<42)+0.20743.*(t>=42&t<43))-x(2)*d;
d*x(2)*a-g*x(3)-j*k*x(3);%¼ì³öÂÊ
d*x(2)*c-e*x(4);
j*k*x(3)-x(5)*f;
e*x(4)+f*x(5);
x(5)*f];



     %y = [(n_in.*(t>=0&t<8)+0.*(t>8))*(1-(0.00027.*(t>=0&t<1)+0.00032.*(t>=1&t<2)+0.00039.*(t>=2&t<3)+0.00047.*(t>=3&t<4)+0.00056.*(t>=4&t<5)+0.00068.*(t>=5&t<6)+0.00082.*(t>=6&t<7)+0.00097.*(t>=7&t<8)))-(h1*(1-s)*x(1)*(1-s)*(x(2)+x(3)+x(4))+2.5*h1*(1-s)*x(1)*(1-s)*x(5))/(x(1)+x(2)+x(3)+x(4)+x(5)+x(6)+x(7));
%((h1*(1-s)*x(1)*(1-s)*(x(2)+x(3)+x(4))+2.5*h1*(1-s)*x(1)*(1-s)*x(5))/(x(1)+x(2)+x(3)+x(4)+x(5)+x(6)+x(7)))+(n_in.*(t>=0&t<8)+0.*(t>8))*(0.00027.*(t>=0&t<1)+0.00032.*(t>=1&t<2)+0.00039.*(t>=2&t<3)+0.00047.*(t>=3&t<4)+0.00056.*(t>=4&t<5)+0.00068.*(t>=5&t<6)+0.00082.*(t>=6&t<7)+0.00097.*(t>=7&t<8))-x(2)*d;
%d*x(2)*a-g*x(3)-j*k*x(3);%¼ì³öÂÊ
%d*x(2)*c-e*x(4);
%d*x(2)*b-j*k*x(5)-g*x(5);
%j*k*x(3)+j*k*x(5)-x(6)*f;
%e*x(4)+f*x(6);
%x(6)*f];